1e-10 0.3188333333333437
1.2589254117941662e-10 0.3190166666666763
1.584893192461111e-10 0.3196444444444557
1.9952623149688748e-10 0.3156000000000107
2.5118864315095717e-10 0.31385555555556527
3.1622776601683666e-10 0.31435000000001
3.981071705534953e-10 0.31596666666667617
5.011872336272695e-10 0.31856111111112173
6.309573444801891e-10 0.31721666666667797
7.943282347242757e-10 0.3135333333333433
9.999999999999918e-10 0.3177111111111216
1.258925411794156e-09 0.31663888888890046
1.584893192461098e-09 0.3128277777777874
1.9952623149688584e-09 0.3222111111111227
2.5118864315095514e-09 0.31700555555556387
3.1622776601683406e-09 0.321961111111122
3.98107170553492e-09 0.31335000000000973
5.0118723362726535e-09 0.3126333333333429
6.3095734448018395e-09 0.31201666666667605
7.943282347242691e-09 0.32023888888889895
9.999999999999836e-09 0.31769444444445233
1.2589254117941456e-08 0.31767222222223235
1.5848931924610848e-08 0.3156388888888983
1.995262314968842e-08 0.3165888888888989
2.5118864315095308e-08 0.3230000000000089
3.1622776601683143e-08 0.3198555555555652
3.9810717055348876e-08 0.31505000000000893
5.0118723362726125e-08 0.31588888888889893
6.309573444801788e-08 0.31631111111112165
7.943282347242626e-08 0.32116666666667654
9.999999999999755e-08 0.3169500000000091
1.2589254117941352e-07 0.31826111111112143
1.584893192461072e-07 0.32020555555556474
1.9952623149688258e-07 0.31630555555556644
2.5118864315095103e-07 0.32228888888890017
3.1622776601682887e-07 0.31907222222223247
3.9810717055348554e-07 0.31717222222223324
5.011872336272571e-07 0.31394444444445346
6.309573444801736e-07 0.3161388888888989
7.943282347242561e-07 0.32079444444445454
9.999999999999673e-07 0.3152833333333447
1.258925411794125e-06 0.3183055555555655
1.584893192461059e-06 0.3148222222222318
1.9952623149688093e-06 0.31442222222223215
2.5118864315094895e-06 0.3191888888888976
3.1622776601682627e-06 0.3180833333333431
3.981071705534823e-06 0.319350000000009
5.01187233627253e-06 0.3214333333333425
6.309573444801685e-06 0.3147000000000106
7.943282347242496e-06 0.323255555555566
9.999999999999591e-06 0.32381666666667663
1.2589254117941146e-05 0.318716666666676
1.584893192461046e-05 0.3152222222222304
1.9952623149687932e-05 0.3188166666666754
2.511886431509469e-05 0.3237166666666766
3.162277660168237e-05 0.31953333333334344
3.98107170553479e-05 0.3169666666666752
5.011872336272489e-05 0.3219333333333423
6.309573444801632e-05 0.3221444444444534
7.943282347242432e-05 0.3200666666666755
9.999999999999509e-05 0.3181611111111213
0.00012589254117941056 0.3136555555555658
0.00015848931924610364 0.32075000000000853
0.00019952623149687828 0.31484444444445353
0.00025118864315094587 0.3146277777777883
0.00031622776601682276 0.3194722222222319
0.0003981071705534782 0.31989444444445464
0.0005011872336272483 0.3210611111111222
0.0006309573444801633 0.31158888888889946
0.000794328234724244 0.32172777777778766
0.000999999999999953 0.3171666666666766
0.0012589254117941083 0.3158222222222324
0.011258925411794109 0.3394833333333425
0.02125892541179411 0.35388888888889913
0.03125892541179411 0.38189444444445436
0.041258925411794115 0.4025444444444554
0.051258925411794116 0.42092777777778745
0.06125892541179412 0.45636111111112304
0.07125892541179411 0.48027222222223437
0.08125892541179411 0.5128000000000136
0.0912589254117941 0.5415611111111236
0.1012589254117941 0.5768444444444574
0.1112589254117941 0.5994444444444561
0.12125892541179409 0.6413222222222342
0.1312589254117941 0.6689333333333438
0.1412589254117941 0.7103888888888982
0.15125892541179412 0.7451222222222289
0.16125892541179412 0.7662833333333431
0.17125892541179413 0.7964166666666744
0.18125892541179414 0.830811111111116
0.19125892541179415 0.8502611111111155
0.20125892541179416 0.8757555555555576
0.21125892541179417 0.8977611111111115
0.22125892541179418 0.9122722222222232
0.2312589254117942 0.9287277777777768
0.2412589254117942 0.9451666666666675
0.2512589254117942 0.9553222222222232
0.2612589254117942 0.9653388888888891
0.2712589254117942 0.9738333333333338
0.2812589254117942 0.9786166666666657
0.2912589254117942 0.9856611111111113
0.3012589254117942 0.9867611111111111
0.31125892541179423 0.9911333333333335
0.32125892541179424 0.9934333333333332
0.33125892541179425 0.9955555555555556
0.34125892541179426 0.9966166666666666
0.35125892541179426 0.9973555555555559
0.3612589254117943 0.9978611111111108
0.3712589254117943 0.9991499999999999
0.3812589254117943 0.9988944444444445
0.3912589254117943 0.9992666666666666
0.4012589254117943 0.9993111111111113
0.4112589254117943 0.9998944444444445
0.4212589254117943 0.9997333333333334
0.43125892541179434 0.9998611111111111
0.44125892541179434 0.9998777777777778
0.45125892541179435 0.9998944444444445
0.46125892541179436 0.9999333333333333
0.47125892541179437 1.0
0.4812589254117944 0.9999777777777777
0.4912589254117944 1.0
0.5012589254117944 1.0
0.5112589254117944 1.0
0.5212589254117944 1.0
0.5312589254117944 1.0
0.5412589254117944 1.0
0.5512589254117944 1.0
0.5612589254117945 1.0
0.5712589254117945 1.0
0.5812589254117945 1.0
0.5912589254117945 1.0
0.6012589254117945 1.0
0.6112589254117945 1.0
0.6212589254117945 1.0
0.6312589254117945 1.0
0.6412589254117945 1.0
0.6512589254117945 1.0
0.6612589254117945 1.0
0.6712589254117945 1.0
0.6812589254117946 1.0
0.6912589254117946 1.0
0.7012589254117946 1.0
0.7112589254117946 1.0
0.7212589254117946 1.0
0.7312589254117946 1.0
0.7412589254117946 1.0
0.7512589254117946 1.0
0.7612589254117946 1.0
0.7712589254117946 1.0
0.7812589254117946 1.0
0.7912589254117947 1.0
0.8012589254117947 1.0
0.8112589254117947 1.0
0.8212589254117947 1.0
0.8312589254117947 1.0
0.8412589254117947 1.0
0.8512589254117947 1.0
0.8612589254117947 1.0
0.8712589254117947 1.0
0.8812589254117947 1.0
0.8912589254117947 1.0
0.9012589254117948 1.0
0.9112589254117948 1.0
0.9212589254117948 1.0
0.9312589254117948 1.0
0.9412589254117948 1.0
0.9512589254117948 1.0
0.9612589254117948 1.0
0.9712589254117948 1.0
0.9812589254117948 1.0
0.9912589254117948 1.0
1.0012589254117947 1.0
