1e-10 0.1005
1e-09 0.100078125
1e-08 0.097978125
1e-07 0.1003125
1e-06 0.09969375
1e-05 0.0989
0.0001 0.100690625
0.001 0.099275
0.01 0.100053125
0.1 0.10271875
1 0.15573125
1.1 0.166846875
1.2000000000000002 0.174165625
1.3000000000000003 0.188371875
1.4000000000000004 0.199853125
1.5000000000000004 0.217475
1.6000000000000005 0.232040625
1.7000000000000006 0.2550375
1.8000000000000007 0.278403125
1.9000000000000008 0.308921875
2.000000000000001 0.34395
2.100000000000001 0.3866125
2.200000000000001 0.435925
2.300000000000001 0.489803125
2.4000000000000012 0.554121875
2.5000000000000013 0.61551875
2.6000000000000014 0.66683125
2.7000000000000015 0.7153625
2.8000000000000016 0.753228125
2.9000000000000017 0.778021875
3.0000000000000018 0.792846875
3.100000000000002 0.80431875
3.200000000000002 0.805628125
3.300000000000002 0.80638125
3.400000000000002 0.79801875
3.500000000000002 0.794765625
3.6000000000000023 0.7833625
3.7000000000000024 0.771925
3.8000000000000025 0.76539375
3.9000000000000026 0.75355
4.000000000000003 0.7509
4.100000000000002 0.735709375
4.200000000000002 0.72884375
4.300000000000002 0.72196875
4.400000000000001 0.712059375
4.500000000000001 0.6985125
4.6000000000000005 0.68739375
4.7 0.6744
4.8 0.669175
4.8999999999999995 0.660478125
4.999999999999999 0.644771875
5.099999999999999 0.6367375
5.199999999999998 0.6273875
5.299999999999998 0.610284375
5.399999999999998 0.599234375
5.499999999999997 0.586071875
5.599999999999997 0.572746875
5.699999999999997 0.5608
5.799999999999996 0.547353125
5.899999999999996 0.53751875
5.999999999999996 0.53055
6.099999999999995 0.519671875
6.199999999999995 0.51263125
6.2999999999999945 0.496971875
6.399999999999994 0.489578125
6.499999999999994 0.481790625
6.599999999999993 0.473321875
6.699999999999993 0.47015625
6.799999999999993 0.462628125
6.899999999999992 0.4546
6.999999999999992 0.445434375
7.099999999999992 0.44035625
7.199999999999991 0.438259375
7.299999999999991 0.42875625
7.399999999999991 0.430090625
7.49999999999999 0.42339375
7.59999999999999 0.416753125
7.6999999999999895 0.421353125
7.799999999999989 0.415671875
7.899999999999989 0.4093875
7.9999999999999885 0.4102125
8.099999999999989 0.40541875
8.199999999999989 0.403978125
8.299999999999988 0.399246875
8.399999999999988 0.397853125
8.499999999999988 0.399353125
8.599999999999987 0.39790625
8.699999999999987 0.39410625
8.799999999999986 0.39509375
8.899999999999986 0.39465
8.999999999999986 0.39395
9.099999999999985 0.390503125
9.199999999999985 0.8151875
9.299999999999985 0.95971875
9.399999999999984 0.819259375
9.499999999999984 0.86836875
9.599999999999984 0.834853125
9.699999999999983 0.87078125
9.799999999999983 0.9558125
9.899999999999983 0.80725
9.999999999999982 0.618328125
10.099999999999982 0.748684375
10.199999999999982 0.631021875
10.299999999999981 0.81301875
10.39999999999998 0.730971875
10.49999999999998 0.655996875
10.59999999999998 0.591225
10.69999999999998 0.6996
10.79999999999998 0.729865625
10.899999999999979 0.702525
10.999999999999979 0.761721875
11.099999999999978 0.6818
11.199999999999978 0.605040625
11.299999999999978 0.648946875
11.399999999999977 0.641834375
11.499999999999977 0.68179375
11.599999999999977 0.549284375
11.699999999999976 0.248446875
11.799999999999976 0.60155625
11.899999999999975 0.508559375
11.999999999999975 0.475315625
12.099999999999975 0.6053625
12.199999999999974 0.684396875
12.299999999999974 0.591009375
12.399999999999974 0.5948625
12.499999999999973 0.58888125
12.599999999999973 0.559375
12.699999999999973 0.322625
12.799999999999972 0.523225
12.899999999999972 0.5144875
12.999999999999972 0.453571875
13.099999999999971 0.389671875
13.19999999999997 0.401146875
13.29999999999997 0.526815625
13.39999999999997 0.438790625
13.49999999999997 0.330690625
13.59999999999997 0.45358125
13.699999999999969 0.399040625
13.799999999999969 0.49380625
13.899999999999968 0.40156875
13.999999999999968 0.441
14.099999999999968 0.42269375
14.199999999999967 0.452340625
14.299999999999967 0.430490625
14.399999999999967 0.56056875
14.499999999999966 0.454965625
14.599999999999966 0.3695375
14.699999999999966 0.300690625
14.799999999999965 0.3731875
14.899999999999965 0.612271875
14.999999999999964 0.402109375
15.099999999999964 0.397403125
15.199999999999964 0.442746875
15.299999999999963 0.305075
15.399999999999963 0.355765625
15.499999999999963 0.543990625
15.599999999999962 0.5204125
15.699999999999962 0.336575
15.799999999999962 0.32978125
15.899999999999961 0.42405625
15.999999999999961 0.3808625
16.099999999999962 0.49195
16.199999999999964 0.328125
16.299999999999965 0.4158
16.399999999999967 0.3884625
16.499999999999968 0.44461875
16.59999999999997 0.331228125
16.69999999999997 0.353128125
16.799999999999972 0.46839375
16.899999999999974 0.4625
16.999999999999975 0.44375
17.099999999999977 0.4125
17.199999999999978 0.4173
17.29999999999998 0.45
17.39999999999998 0.43125
17.499999999999982 0.35625
17.599999999999984 0.303128125
17.699999999999985 0.390625
17.799999999999986 0.421875
17.899999999999988 0.346875
17.99999999999999 0.521875
18.09999999999999 0.471875
18.199999999999992 0.4875
18.299999999999994 0.34375
18.399999999999995 0.500875
18.499999999999996 0.41875
18.599999999999998 0.2375
18.7 0.35625
18.8 0.378125
18.900000000000002 0.403125
19.000000000000004 0.240625
19.100000000000005 0.39375
19.200000000000006 0.390625
19.300000000000008 0.384375
19.40000000000001 0.440625
19.50000000000001 0.359375
19.600000000000012 0.446875
19.700000000000014 0.378125
19.800000000000015 0.334375
19.900000000000016 0.328125
20.000000000000018 0.4125
