1e-10 -0.06430694444444451
1.2589254117941662e-10 -0.0648347222222221
1.584893192461111e-10 -0.06251666666666648
1.9952623149688748e-10 -0.06440000000000028
2.5118864315095717e-10 -0.06379027777777746
3.1622776601683666e-10 -0.06312777777777775
3.981071705534953e-10 -0.06380277777777796
5.011872336272695e-10 -0.06309305555555533
6.309573444801891e-10 -0.06488472222222244
7.943282347242757e-10 -0.0626055555555556
9.999999999999918e-10 -0.06341111111111122
1.258925411794156e-09 -0.0634486111111111
1.584893192461098e-09 -0.062047222222222594
1.9952623149688584e-09 -0.06405972222222239
2.5118864315095514e-09 -0.06232361111111116
3.1622776601683406e-09 -0.06429861111111125
3.98107170553492e-09 -0.06353194444444449
5.0118723362726535e-09 -0.0638375000000001
6.3095734448018395e-09 -0.06346666666666674
7.943282347242691e-09 -0.0626430555555556
9.999999999999836e-09 -0.06424027777777776
1.2589254117941456e-08 -0.06372361111111091
1.5848931924610848e-08 -0.06387916666666661
1.995262314968842e-08 -0.06297916666666681
2.5118864315095308e-08 -0.0642763888888889
3.1622776601683143e-08 -0.06319722222222227
3.9810717055348876e-08 -0.06188888888888896
5.0118723362726125e-08 -0.06475555555555573
6.309573444801788e-08 -0.06571666666666647
7.943282347242626e-08 -0.06320972222222235
9.999999999999755e-08 -0.06237777777777794
1.2589254117941352e-07 -0.06437222222222258
1.584893192461072e-07 -0.06387916666666658
1.9952623149688258e-07 -0.0623277777777779
2.5118864315095103e-07 -0.06362916666666654
3.1622776601682887e-07 -0.062381944444444705
3.9810717055348554e-07 -0.06589027777777781
5.011872336272571e-07 -0.06375694444444449
6.309573444801736e-07 -0.06267500000000026
7.943282347242561e-07 -0.06416805555555578
9.999999999999673e-07 -0.0629736111111112
1.258925411794125e-06 -0.06556111111111117
1.584893192461059e-06 -0.06356805555555568
1.9952623149688093e-06 -0.06522222222222222
2.5118864315094895e-06 -0.06316249999999975
3.1622776601682627e-06 -0.06383749999999991
3.981071705534823e-06 -0.06382222222222214
5.01187233627253e-06 -0.06496805555555563
6.309573444801685e-06 -0.06633194444444411
7.943282347242496e-06 -0.06220833333333318
9.999999999999591e-06 -0.06443472222222198
1.2589254117941146e-05 -0.06121249999999974
1.584893192461046e-05 -0.06251527777777793
1.9952623149687932e-05 -0.0640750000000001
2.511886431509469e-05 -0.06432638888888884
3.162277660168237e-05 -0.06341250000000015
3.98107170553479e-05 -0.06205138888888896
5.011872336272489e-05 -0.06563194444444445
6.309573444801632e-05 -0.06536388888888882
7.943282347242432e-05 -0.06466944444444463
9.999999999999509e-05 -0.06535138888888878
0.00012589254117941056 -0.06307916666666671
0.00015848931924610364 -0.06283611111111112
0.00019952623149687828 -0.06544999999999988
0.00025118864315094587 -0.0640069444444443
0.00031622776601682276 -0.06409305555555526
0.0003981071705534782 -0.06530694444444439
0.0005011872336272483 -0.06228194444444439
0.0006309573444801633 -0.0642138888888888
0.000794328234724244 -0.064148611111111
0.000999999999999953 -0.06409166666666677
0.0012589254117941083 -0.06273888888888889
0.011258925411794109 -0.06761666666666684
0.02125892541179411 -0.07210555555555559
0.03125892541179411 -0.07348888888888896
0.041258925411794115 -0.07626111111111125
0.051258925411794116 -0.08266805555555538
0.06125892541179412 -0.08577083333333316
0.07125892541179411 -0.09096666666666715
0.08125892541179411 -0.09716944444444493
0.0912589254117941 -0.10148472222222273
0.1012589254117941 -0.1044236111111117
0.1112589254117941 -0.10949305555555593
0.12125892541179409 -0.11485416666666688
0.1312589254117941 -0.12635416666666663
0.1412589254117941 -0.13561249999999975
0.15125892541179412 -0.13865416666666602
0.16125892541179412 -0.14957777777777648
0.17125892541179413 -0.1561027777777759
0.18125892541179414 -0.16996111111110812
0.19125892541179415 -0.17770694444444124
0.20125892541179416 -0.18843055555555188
0.21125892541179417 -0.20291805555555087
0.22125892541179418 -0.21682499999999671
0.2312589254117942 -0.23203472222222007
0.2412589254117942 -0.24779305555555617
0.2512589254117942 -0.2647861111111138
0.2612589254117942 -0.28664722222222866
0.2712589254117942 -0.30150277777778833
0.2812589254117942 -0.31791527777779277
0.2912589254117942 -0.34244166666668485
0.3012589254117942 -0.36001805555557764
0.31125892541179423 -0.3868194444444726
0.32125892541179424 -0.4042194444444778
0.33125892541179425 -0.4217833333333642
0.34125892541179426 -0.4446027777777983
0.35125892541179426 -0.4646305555555662
0.3612589254117943 -0.48225000000000434
0.3712589254117943 -0.49899166666666334
0.3812589254117943 -0.5100166666666572
0.3912589254117943 -0.5226902777777628
0.4012589254117943 -0.5374958333333121
0.4112589254117943 -0.5446152777777504
0.4212589254117943 -0.5562902777777449
0.43125892541179434 -0.5622208333332971
0.44125892541179434 -0.5676027777777389
0.45125892541179435 -0.5718680555555147
0.46125892541179436 -0.5747722222221795
0.47125892541179437 -0.5771430555555113
0.4812589254117944 -0.5788847222221769
0.4912589254117944 -0.580501388888843
0.5012589254117944 -0.5816847222221755
0.5112589254117944 -0.5822458333332863
0.5212589254117944 -0.5822541666666196
0.5312589254117944 -0.5829194444443969
0.5412589254117944 -0.5829111111110636
0.5512589254117944 -0.5831263888888413
0.5612589254117945 -0.5831972222221746
0.5712589254117945 -0.5833333333332856
0.5812589254117945 -0.5832736111110635
0.5912589254117945 -0.5832263888888413
0.6012589254117945 -0.5833291666666189
0.6112589254117945 -0.5833333333332856
0.6212589254117945 -0.5833333333332856
0.6312589254117945 -0.5833333333332856
0.6412589254117945 -0.5833333333332856
0.6512589254117945 -0.5833333333332856
0.6612589254117945 -0.5833333333332856
0.6712589254117945 -0.5833333333332856
0.6812589254117946 -0.5833333333332856
0.6912589254117946 -0.5833333333332856
0.7012589254117946 -0.5833333333332856
0.7112589254117946 -0.5833333333332856
0.7212589254117946 -0.5833333333332856
0.7312589254117946 -0.5833333333332856
0.7412589254117946 -0.5833333333332856
0.7512589254117946 -0.5833333333332856
0.7612589254117946 -0.5833333333332856
0.7712589254117946 -0.5833333333332856
0.7812589254117946 -0.5833333333332856
0.7912589254117947 -0.5833333333332856
0.8012589254117947 -0.5833333333332856
0.8112589254117947 -0.5833333333332856
0.8212589254117947 -0.5833333333332856
0.8312589254117947 -0.5833333333332856
0.8412589254117947 -0.5833333333332856
0.8512589254117947 -0.5833333333332856
0.8612589254117947 -0.5833333333332856
0.8712589254117947 -0.5833333333332856
0.8812589254117947 -0.5833333333332856
0.8912589254117947 -0.5833333333332856
0.9012589254117948 -0.5833333333332856
1.0012589254117947 -0.5833333333332856
1.1012589254117948 -0.5833333333332856
1.201258925411795 -0.5833333333332856
1.301258925411795 -0.5833333333332856
1.401258925411795 -0.5833333333332856
1.5012589254117952 -0.5833333333332856
1.6012589254117953 -0.5833333333332856
1.7012589254117954 -0.5833333333332856
1.8012589254117954 -0.5833333333332856
1.9012589254117955 -0.5833333333332856
2.0012589254117956 -0.5833333333332856
