1e-10 0.1725055555555591
1.2589254117941662e-10 0.17208333333333717
1.584893192461111e-10 0.1724500000000045
1.9952623149688748e-10 0.17440000000000425
2.5118864315095717e-10 0.1735722222222267
3.1622776601683666e-10 0.16705555555555981
3.981071705534953e-10 0.17159444444444838
5.011872336272695e-10 0.1706722222222269
6.309573444801891e-10 0.17236666666667083
7.943282347242757e-10 0.1704555555555589
9.999999999999918e-10 0.1737222222222259
1.258925411794156e-09 0.16976666666666976
1.584893192461098e-09 0.17022777777778228
1.9952623149688584e-09 0.17265555555555992
2.5118864315095514e-09 0.1713000000000039
3.1622776601683406e-09 0.17232222222222654
3.98107170553492e-09 0.1712222222222269
5.0118723362726535e-09 0.17554444444444856
6.3095734448018395e-09 0.17311666666667092
7.943282347242691e-09 0.17095000000000443
9.999999999999836e-09 0.1726388888888931
1.2589254117941456e-08 0.17257222222222635
1.5848931924610848e-08 0.17292222222222595
1.995262314968842e-08 0.17381666666667073
2.5118864315095308e-08 0.17117777777778226
3.1622776601683143e-08 0.17168888888889344
3.9810717055348876e-08 0.17136666666667003
5.0118723362726125e-08 0.1717444444444488
6.309573444801788e-08 0.1736888888888923
7.943282347242626e-08 0.17233333333333778
9.999999999999755e-08 0.17161666666667091
1.2589254117941352e-07 0.17226666666667023
1.584893192461072e-07 0.1737611111111154
1.9952623149688258e-07 0.17156666666667122
2.5118864315095103e-07 0.1707333333333368
3.1622776601682887e-07 0.17193888888889394
3.9810717055348554e-07 0.1748444444444491
5.011872336272571e-07 0.17411666666667067
6.309573444801736e-07 0.17238333333333727
7.943282347242561e-07 0.17064444444444846
9.999999999999673e-07 0.17100555555556055
1.258925411794125e-06 0.17229444444444939
1.584893192461059e-06 0.1717388888888932
1.9952623149688093e-06 0.17332777777778208
2.5118864315094895e-06 0.17227777777778222
3.1622776601682627e-06 0.17138888888889361
3.981071705534823e-06 0.17133888888889295
5.01187233627253e-06 0.17245555555555991
6.309573444801685e-06 0.17543888888889334
7.943282347242496e-06 0.17247222222222677
9.999999999999591e-06 0.1721666666666713
1.2589254117941146e-05 0.17000555555555977
1.584893192461046e-05 0.17090555555555892
1.9952623149687932e-05 0.1735166666666704
2.511886431509469e-05 0.1710277777777819
3.162277660168237e-05 0.17244444444444817
3.98107170553479e-05 0.1686277777777811
5.011872336272489e-05 0.17372222222222677
6.309573444801632e-05 0.17394444444444965
7.943282347242432e-05 0.17417777777778287
9.999999999999509e-05 0.1749166666666711
0.00012589254117941056 0.1705722222222256
0.00015848931924610364 0.1731888888888926
0.00019952623149687828 0.17142777777778165
0.00025118864315094587 0.17209444444444813
0.00031622776601682276 0.16836666666667083
0.0003981071705534782 0.17231666666667142
0.0005011872336272483 0.17255555555556026
0.0006309573444801633 0.17453888888889327
0.000794328234724244 0.17331666666667064
0.000999999999999953 0.17210555555555904
0.0012589254117941083 0.1733166666666715
0.011258925411794109 0.17637777777778224
0.02125892541179411 0.176600000000005
0.03125892541179411 0.18072222222222642
0.041258925411794115 0.18326111111111662
0.051258925411794116 0.1899944444444502
0.06125892541179412 0.19375555555556137
0.07125892541179411 0.19840000000000688
0.08125892541179411 0.20540555555556197
0.0912589254117941 0.21234444444445047
0.1012589254117941 0.2139222222222294
0.1112589254117941 0.21885555555556252
0.12125892541179409 0.22702777777778516
0.1312589254117941 0.24522777777778623
0.1412589254117941 0.2557111111111188
0.15125892541179412 0.26048888888889876
0.16125892541179412 0.27465000000001066
0.17125892541179413 0.287183333333342
0.18125892541179414 0.30302222222223185
0.19125892541179415 0.3165166666666758
0.20125892541179416 0.3359388888888986
0.21125892541179417 0.35986666666667644
0.22125892541179418 0.37732222222223194
0.2312589254117942 0.40319444444445335
0.2412589254117942 0.4291888888888986
0.2512589254117942 0.45858333333334256
0.2612589254117942 0.49268333333334696
0.2712589254117942 0.5172222222222372
0.2812589254117942 0.545083333333346
0.2912589254117942 0.5838722222222347
0.3012589254117942 0.6148944444444566
0.31125892541179423 0.6614500000000119
0.32125892541179424 0.6908666666666758
0.33125892541179425 0.7198944444444528
0.34125892541179426 0.7584777777777855
0.35125892541179426 0.7941944444444521
0.3612589254117943 0.8238333333333389
0.3712589254117943 0.8506944444444478
0.3812589254117943 0.871966666666671
0.3912589254117943 0.8952000000000008
0.4012589254117943 0.9188833333333332
0.4112589254117943 0.9314333333333359
0.4212589254117943 0.9524
0.43125892541179434 0.9623944444444457
0.44125892541179434 0.9725111111111108
0.45125892541179435 0.9805444444444451
0.46125892541179436 0.9845111111111108
0.47125892541179437 0.9894888888888886
0.4812589254117944 0.9920444444444445
0.4912589254117944 0.9949777777777781
0.5012589254117944 0.9970833333333332
0.5112589254117944 0.9981055555555555
0.5212589254117944 0.9982
0.5312589254117944 0.9992277777777779
0.5412589254117944 0.9992833333333334
0.5512589254117944 0.9996055555555556
0.5612589254117945 0.9998555555555555
0.5712589254117945 1.0
0.5812589254117945 0.9999222222222225
0.5912589254117945 0.9998222222222223
0.6012589254117945 0.9999833333333332
0.6112589254117945 1.0
0.6212589254117945 1.0
0.6312589254117945 1.0
0.6412589254117945 1.0
0.6512589254117945 1.0
0.6612589254117945 1.0
0.6712589254117945 1.0
0.6812589254117946 1.0
0.6912589254117946 1.0
0.7012589254117946 1.0
0.7112589254117946 1.0
0.7212589254117946 1.0
0.7312589254117946 1.0
0.7412589254117946 1.0
0.7512589254117946 1.0
0.7612589254117946 1.0
0.7712589254117946 1.0
0.7812589254117946 1.0
0.7912589254117947 1.0
0.8012589254117947 1.0
0.8112589254117947 1.0
0.8212589254117947 1.0
0.8312589254117947 1.0
0.8412589254117947 1.0
0.8512589254117947 1.0
0.8612589254117947 1.0
0.8712589254117947 1.0
0.8812589254117947 1.0
0.8912589254117947 1.0
0.9012589254117948 1.0
1.0012589254117947 1.0
1.1012589254117948 1.0
1.201258925411795 1.0
1.301258925411795 1.0
1.401258925411795 1.0
1.5012589254117952 1.0
1.6012589254117953 1.0
1.7012589254117954 1.0
1.8012589254117954 1.0
1.9012589254117955 1.0
2.0012589254117956 1.0
